107 224
116 282
124 340
135 395
159 445
197 488
241 526
288 554
342 560
391 551
427 513
457 471
484 425
499 375
506 322
508 269
512 214
162 228
185 199
222 188
261 191
297 205
360 203
392 186
428 182
462 191
479 219
329 236
331 273
332 312
334 351
283 360
306 368
332 375
355 367
376 358
210 241
231 229
256 227
278 243
256 246
231 247
370 239
392 223
416 223
436 236
418 242
394 243
233 402
268 401
305 402
331 406
358 400
393 397
423 394
397 444
366 470
337 476
309 473
269 451
242 406
306 414
332 416
359 411
413 399
363 443
335 448
309 445
0 0 
0 299
0 599
299 599
599 599
599 299
599 0
299 0
