59 344
71 405
96 452
125 496
151 532
178 566
216 595
260 616
304 622
347 612
388 591
426 563
452 526
479 488
507 440
517 392
532 339
155 233
184 224
221 223
250 233
271 253
366 251
399 225
439 223
462 235
485 252
312 290
319 333
323 376
321 416
260 420
284 439
324 459
353 439
380 420
185 260
211 248
233 255
251 281
229 283
205 282
377 277
390 259
412 250
432 260
419 277
397 283
252 517
258 499
274 488
295 489
316 485
346 483
383 518
373 530
355 560
318 563
289 562
258 533
272 508
295 506
319 506
345 515
367 497
344 532
312 535
282 535
